0.014639 91.000000
0.017534 90.000000
0.020226 89.000000
0.022650 88.000000
0.025477 87.000000
0.028372 86.000000
0.031469 85.000000
0.032344 84.000000
0.032411 83.000000
0.033354 82.000000
0.034161 81.000000
0.034363 80.000000
0.035238 79.000000
0.035844 78.000000
0.036854 77.000000
0.037797 76.000000
0.038739 75.000000
0.040153 74.000000
0.040961 73.000000
0.041297 72.000000
0.041970 71.000000
0.042172 70.000000
0.042105 69.000000
0.042846 68.000000
0.042846 68.000000
0.042846 68.000000
0.042846 68.000000
0.042846 68.000000
0.042846 68.000000
0.042846 68.000000
0.042846 68.000000
0.042846 68.000000
0.042846 68.000000
0.042846 68.000000
0.042846 68.000000
0.042846 68.000000
0.042846 68.000000
0.042846 68.000000
0.042846 68.000000
0.042846 68.000000
0.042846 68.000000
0.042846 68.000000
0.042846 68.000000
0.042846 68.000000
0.042846 68.000000
0.042846 68.000000
0.042846 68.000000
0.042846 68.000000
0.042846 68.000000
0.042846 68.000000
0.042846 68.000000
0.042846 68.000000
0.042846 68.000000
0.042846 68.000000
0.042846 68.000000
0.042846 68.000000
0.042846 68.000000
0.042846 68.000000
0.042846 68.000000
0.042846 68.000000
0.042846 68.000000
0.042846 68.000000
0.042846 68.000000
0.042846 68.000000
0.042846 68.000000
0.042846 68.000000
0.042846 68.000000
0.042846 68.000000
0.042846 68.000000
0.042846 68.000000
0.042846 68.000000
0.042846 68.000000
0.042846 68.000000
0.042846 68.000000
0.042846 68.000000
0.042846 68.000000
0.042846 68.000000
0.042846 68.000000
0.042846 68.000000
0.042846 68.000000
0.042846 68.000000
0.042846 68.000000
0.042846 68.000000
0.042846 68.000000
0.042846 68.000000
0.042846 68.000000
0.042846 68.000000
0.042846 68.000000
0.042846 68.000000
0.042846 68.000000
0.042846 68.000000
0.042846 68.000000
0.042846 68.000000
0.042846 68.000000
0.042846 68.000000
0.042846 68.000000
0.043573 67.000000
0.044116 66.000000
0.045111 65.000000
0.046377 64.000000
0.047191 63.000000
0.047825 62.000000
0.048729 61.000000
0.049453 60.000000
0.050267 59.000000
0.050810 58.000000
0.051895 57.000000
0.052257 56.000000
0.052890 55.000000
0.053433 54.000000
0.053976 53.000000
0.055333 52.000000
0.055423 51.000000
0.056509 50.000000
0.057504 49.000000
0.057775 48.000000
0.057685 48.000000
0.059132 46.000000
0.059765 45.000000
0.060037 44.000000
0.060489 43.000000
0.011098 92.000000
