0.102811 96.000000
0.102162 95.000000
0.103135 94.000000
0.104432 93.000000
0.103459 92.000000
0.103459 91.000000
0.103459 90.000000
0.103459 89.000000
0.104432 88.000000
0.105081 87.000000
0.104757 86.000000
0.106378 85.000000
0.106378 84.000000
0.107351 83.000000
0.108324 82.000000
0.108324 81.000000
0.108324 80.000000
0.108649 79.000000
0.108649 78.000000
0.109622 77.000000
0.110919 76.000000
0.110919 75.000000
0.110595 74.000000
0.110270 73.000000
0.109946 72.000000
0.109622 71.000000
0.110270 70.000000
0.110270 69.000000
0.111892 68.000000
0.117081 67.000000
0.114811 65.000000
0.116108 64.000000
0.114162 63.000000
0.112216 62.000000
0.113838 61.000000
0.117730 60.000000
0.117730 59.000000
0.120324 58.000000
0.120000 57.000000
0.120973 56.000000
0.119676 55.000000
0.119027 54.000000
0.119027 53.000000
0.119676 52.000000
0.122270 51.000000
0.121946 50.000000
0.122919 48.000000
0.122919 48.000000
0.123243 47.000000
0.124865 46.000000
0.125189 45.000000
0.125189 44.000000
0.125838 43.000000
0.126162 42.000000
0.126486 41.000000
0.125838 40.000000
0.126486 39.000000
0.126486 38.000000
0.127459 37.000000
0.129081 36.000000
0.129730 35.000000
0.129081 34.000000
0.129405 33.000000
0.130378 32.000000
0.130378 31.000000
0.131027 30.000000
0.131027 29.000000
0.132000 28.000000
0.132324 27.000000
0.132000 26.000000
0.132649 25.000000
0.133622 24.000000
0.133622 23.000000
0.133297 22.000000
0.133946 21.000000
0.132649 20.000000
0.133622 19.000000
0.134270 18.000000
0.133946 17.000000
0.136216 16.000000
0.135243 15.000000
0.138486 15.000000
0.137514 14.000000
0.134919 13.000000
0.135568 13.000000
0.138811 11.000000
0.139784 10.000000
0.139784 9.000000
0.140432 8.000000
0.140432 8.000000
0.135243 7.000000
0.135568 6.000000
0.139459 5.000000
0.141405 4.000000
0.143351 3.000000
0.142703 2.000000
0.145297 1.000000
