0.007847 1.000000
0.009877 2.000000
0.012043 3.000000
0.013735 4.000000
0.015562 5.000000
0.017186 6.000000
0.020705 7.000000
0.022329 8.000000
0.023005 9.000000
0.025644 10.000000
0.026321 11.000000
0.028960 13.000000
0.031329 14.000000
0.033629 15.000000
0.036066 16.000000
0.039111 17.000000
0.040528 18.000000
0.042611 19.000000
0.044485 20.000000
0.044592 21.000000
0.044548 22.000000
0.045447 23.000000
0.045791 24.000000
0.046331 25.000000
0.046735 26.000000
0.047344 27.000000
0.047953 28.000000
0.048605 29.000000
0.049083 30.000000
0.049779 31.000000
0.050854 32.000000
0.051315 33.000000
0.052236 34.000000
0.053081 35.000000
0.053542 36.000000
0.054386 37.000000
0.054924 38.000000
0.055922 39.000000
0.056075 40.000000
0.057151 41.000000
0.057151 41.000000
0.057458 42.000000
0.057842 43.000000
0.058226 44.000000
0.058763 45.000000
0.059320 46.000000
0.059881 47.000000
0.061283 48.000000
0.061956 49.000000
0.062630 50.000000
0.062798 51.000000
0.063639 52.000000
0.064313 53.000000
0.065098 54.000000
0.065827 55.000000
0.066718 56.000000
0.067314 57.000000
0.067731 58.000000
0.067970 59.000000
0.067970 59.000000
0.068327 60.000000
0.068744 61.000000
0.069305 62.000000
0.070135 63.000000
0.070512 64.000000
0.071265 65.000000
0.071265 65.000000
0.071715 66.000000
0.072102 67.000000
0.072167 68.000000
0.072703 69.000000
0.073682 70.000000
0.073682 70.000000
0.073992 71.000000
0.074765 72.000000
0.076569 73.000000
0.078012 74.000000
0.079764 75.000000
0.080948 76.000000
0.081831 77.000000
0.083333 78.000000
0.084482 79.000000
0.085454 80.000000
0.086691 81.000000
0.086979 82.000000
0.087234 83.000000
0.087372 84.000000
0.087459 85.000000
0.087459 85.000000
0.088372 86.000000
0.088774 87.000000
0.089262 88.000000
0.089872 89.000000
0.090543 90.000000
0.090848 91.000000
0.091397 92.000000
0.091824 93.000000
0.092435 94.000000
0.093228 95.000000
0.094021 96.000000
