0.075892 0.000000
0.073946 1.000000
0.073946 2.000000
0.075243 3.000000
0.075243 5.000000
0.073622 6.000000
0.072324 6.000000
0.075243 8.000000
0.073297 9.000000
0.077838 9.000000
0.079135 10.000000
0.081405 11.000000
0.082378 12.000000
0.084324 13.000000
0.084649 15.000000
0.085622 15.000000
0.085622 16.000000
0.086919 17.000000
0.087243 18.000000
0.087243 19.000000
0.087243 20.000000
0.088216 21.000000
0.088216 22.000000
0.088865 23.000000
0.088865 24.000000
0.090486 25.000000
0.090486 26.000000
0.090811 27.000000
0.091135 28.000000
0.091135 29.000000
0.092108 30.000000
0.092108 31.000000
0.092108 32.000000
0.093081 33.000000
0.093730 34.000000
0.093405 35.000000
0.093405 36.000000
0.094054 37.000000
0.094378 38.000000
0.095351 39.000000
0.095027 40.000000
0.096000 41.000000
0.096649 42.000000
0.097622 43.000000
0.098270 44.000000
0.098270 45.000000
0.098595 46.000000
0.099243 47.000000
0.099892 48.000000
0.100865 49.000000
0.101189 50.000000
0.101189 51.000000
0.102162 52.000000
0.102162 53.000000
0.102486 54.000000
0.103459 55.000000
0.102811 56.000000
0.104108 57.000000
0.105405 58.000000
0.106378 59.000000
0.107027 60.000000
0.107027 61.000000
0.107676 62.000000
0.108000 63.000000
0.108649 64.000000
0.109297 65.000000
0.109297 67.000000
0.109622 68.000000
0.110270 69.000000
0.110595 70.000000
0.111568 71.000000
0.112541 72.000000
0.112541 73.000000
0.111568 74.000000
0.112541 75.000000
0.112541 76.000000
0.113514 77.000000
0.113838 78.000000
0.114162 79.000000
0.114811 80.000000
0.115459 81.000000
0.115459 82.000000
0.115784 83.000000
0.116432 84.000000
0.116108 85.000000
0.116432 86.000000
0.116108 87.000000
0.116432 88.000000
0.116432 89.000000
0.117405 90.000000
0.117730 91.000000
0.118378 92.000000
0.119027 93.000000
0.119676 94.000000
0.119676 95.000000
