0.102162 1.000000
0.102162 2.000000
0.103784 3.000000
0.104757 4.000000
0.106054 5.000000
0.104366 6.000000
0.104485 7.000000
0.104902 8.000000
0.105200 9.000000
0.106487 10.000000
0.108757 12.000000
0.109193 13.000000
0.108495 14.000000
0.110328 15.000000
0.111027 17.000000
0.111201 18.000000
0.110765 19.000000
0.111725 20.000000
0.111638 21.000000
0.111787 22.000000
0.111955 23.000000
0.114050 24.000000
0.114720 25.000000
0.115893 26.000000
0.115390 27.000000
0.116061 28.000000
0.116130 29.000000
0.117160 30.000000
0.117441 31.000000
0.118564 32.000000
0.118471 33.000000
0.119313 34.000000
0.120343 35.000000
0.120249 36.000000
0.120353 38.000000
0.119943 37.000000
0.121736 39.000000
0.122652 40.000000
0.123287 41.000000
0.124203 42.000000
0.124203 43.000000
0.125542 44.000000
0.125539 45.000000
0.125539 46.000000
0.126305 47.000000
0.128164 48.000000
0.128821 49.000000
0.128930 50.000000
0.129422 51.000000
0.129915 52.000000
0.130408 53.000000
0.130408 55.000000
0.130408 54.000000
0.131739 58.000000
0.132736 59.000000
0.131676 56.000000
0.133232 60.000000
0.132682 61.000000
0.133212 63.000000
0.133610 65.000000
0.134405 66.000000
0.133875 67.000000
0.135200 68.000000
0.136128 69.000000
0.136128 71.000000
0.137056 72.000000
0.138514 73.000000
0.138646 74.000000
0.139574 76.000000
0.140502 77.000000
0.140237 79.000000
0.141165 81.000000
0.141165 82.000000
0.141165 83.000000
0.141374 84.000000
0.141711 85.000000
0.142499 87.000000
0.143512 88.000000
0.143512 89.000000
0.143962 91.000000
0.144863 93.000000
0.145763 95.000000
0.145875 94.000000
