0.102414 2.000000
0.103208 3.000000
0.103208 4.000000
0.104002 5.000000
0.103803 6.000000
0.104399 7.000000
0.105193 8.000000
0.105589 9.000000
0.106780 10.000000
0.106780 11.000000
0.107376 12.000000
0.108169 13.000000
0.107971 14.000000
0.109162 15.000000
0.110352 16.000000
0.111146 17.000000
0.111146 18.000000
0.111543 19.000000
0.111940 20.000000
0.112138 21.000000
0.112932 22.000000
0.113528 23.000000
0.114123 24.000000
0.114917 25.000000
0.115711 26.000000
0.115909 27.000000
0.116703 28.000000
0.116901 29.000000
0.117497 30.000000
0.117893 31.000000
0.118290 32.000000
0.118290 33.000000
0.119084 34.000000
0.119878 35.000000
0.120076 36.000000
0.120275 37.000000
0.120672 38.000000
0.121267 39.000000
0.121863 40.000000
0.123252 41.000000
0.123649 42.000000
0.124045 43.000000
0.125236 44.000000
0.126030 45.000000
0.126625 46.000000
0.126824 47.000000
0.127419 48.000000
0.128213 49.000000
0.129205 50.000000
0.129602 51.000000
0.130396 52.000000
0.130793 53.000000
0.131984 54.000000
0.133174 55.000000
0.133770 56.000000
0.134563 57.000000
0.135953 58.000000
0.136151 59.000000
0.136349 61.000000
0.136945 62.000000
0.137937 63.000000
0.138334 64.000000
0.138929 65.000000
0.138929 67.000000
0.138334 68.000000
0.139326 69.000000
0.140715 70.000000
0.141112 71.000000
0.141112 73.000000
0.141311 74.000000
0.142501 75.000000
0.142700 76.000000
0.143494 76.000000
0.143097 78.000000
0.143692 78.000000
0.143295 79.000000
0.143692 80.000000
0.144684 81.000000
0.145875 82.000000
0.145875 83.000000
0.146074 84.000000
0.146074 85.000000
0.145875 86.000000
0.147066 87.000000
0.147463 88.000000
0.147463 89.000000
0.148257 90.000000
0.148653 91.000000
0.149249 92.000000
0.150043 93.000000
0.150836 94.000000
