0.111983 1.000000
0.111753 2.000000
0.111753 3.000000
0.111409 4.000000
0.111294 5.000000
0.111524 6.000000
0.111907 7.000000
0.111804 8.000000
0.111804 9.000000
0.111881 10.000000
0.112231 11.000000
0.111889 12.000000
0.111828 13.000000
0.111572 14.000000
0.111264 15.000000
0.111311 16.000000
0.111183 17.000000
0.110967 18.000000
0.110606 19.000000
0.11022 20.000000
0.110622 21.000000
0.109818 22.000000
0.110156 23.000000
0.11022 24.000000
0.10965 25.000000
0.11022 26.000000
0.109387 27.000000
0.109751 28.000000
0.109143 29.000000
0.108883 30.000000
0.108874 31.000000
0.108745 32.000000
0.108489 33.000000
0.108194 34.000000
0.107964 35.000000
0.107735 36.000000
0.107505 37.000000
0.10739 38.000000
0.10762 39.000000
0.107161 40.000000
0.107046 41.000000
0.107046 42.000000
0.107173 43.000000
0.107456 44.000000
0.108777 45.000000
0.108965 46.000000
0.108687 47.000000
0.109025 48.000000
0.108565 49.000000
0.108321 50.000000
0.107712 51.000000
0.107468 52.000000
0.106616 53.000000
0.106741 54.000000
0.106188 55.000000
0.105796 56.000000
0.104992 57.000000
0.104188 58.000000
0.103431 59.000000
0.102676 60.000000
0.100913 61.000000
0.100548 62.000000
0.099773 63.000000
0.099566 64.000000
0.098785 65.000000
0.097735 66.000000
0.097229 67.000000
0.097479 68.000000
0.096352 69.000000
0.095476 70.000000
0.095262 71.000000
0.094629 72.000000
0.093863 73.000000
0.092969 74.000000
0.092202 75.000000
0.091327 76.000000
0.090447 77.000000
0.089486 78.000000
0.088834 79.000000
0.088713 80.000000
0.087539 81.000000
0.086685 82.000000
0.086361 83.000000
0.085433 84.000000
0.084384 85.000000
0.083841 86.000000
0.083555 87.000000
0.082969 88.000000
0.082529 89.000000
0.081796 90.000000
0.081503 91.000000
0.080575 92.000000
0.079562 93.000000
0.079358 94.000000
0.078758 95.000000
0.078573 96.000000
