0.104108 96.000000
0.104108 95.000000
0.104432 94.000000
0.105405 93.000000
0.105405 92.000000
0.105730 91.000000
0.106378 90.000000
0.107027 89.000000
0.107027 88.000000
0.108324 87.000000
0.108973 86.000000
0.109622 85.000000
0.109622 84.000000
0.109622 83.000000
0.110270 82.000000
0.111243 81.000000
0.111243 80.000000
0.111568 79.000000
0.112541 78.000000
0.112541 77.000000
0.112865 76.000000
0.113189 75.000000
0.113514 74.000000
0.115135 73.000000
0.115459 72.000000
0.115135 71.000000
0.116108 70.000000
0.116757 69.000000
0.117405 68.000000
0.117081 67.000000
0.117730 66.000000
0.118703 65.000000
0.119351 64.000000
0.119676 63.000000
0.120324 62.000000
0.120649 61.000000
0.120649 60.000000
0.121622 59.000000
0.122595 58.000000
0.122595 57.000000
0.122270 56.000000
0.123243 55.000000
0.123243 54.000000
0.123568 53.000000
0.124865 52.000000
0.125189 52.000000
0.125514 51.000000
0.126162 50.000000
0.126486 49.000000
0.127135 48.000000
0.127459 47.000000
0.127784 46.000000
0.128432 45.000000
0.128432 44.000000
0.129730 43.000000
0.129730 42.000000
0.129405 41.000000
0.130054 40.000000
0.130378 39.000000
0.131027 38.000000
0.131351 37.000000
0.132000 36.000000
0.132324 35.000000
0.132649 34.000000
0.132649 33.000000
0.133622 32.000000
0.132973 31.000000
0.133622 30.000000
0.134595 29.000000
0.134919 28.000000
0.134595 27.000000
0.135243 26.000000
0.136216 25.000000
0.136216 24.000000
0.136216 23.000000
0.137189 22.000000
0.137838 21.000000
0.137838 20.000000
0.138486 19.000000
0.139459 18.000000
0.139459 17.000000
0.139459 16.000000
0.140108 15.000000
0.140757 14.000000
