0.107244 1.000000
0.107351 2.000000
0.106703 3.000000
0.106703 4.000000
0.106314 5.000000
0.106314 6.000000
0.106119 7.000000
0.106249 8.000000
0.106314 9.000000
0.107045 10.000000
0.106398 11.000000
0.105966 12.000000
0.105463 13.000000
0.105320 14.000000
0.104888 15.000000
0.104529 16.000000
0.104457 17.000000
0.103810 18.000000
0.103379 19.000000
0.102876 20.000000
0.102275 21.000000
0.101745 22.000000
0.101061 23.000000
0.100583 24.000000
0.099967 25.000000
0.099420 26.000000
0.099093 27.000000
0.098039 28.000000
0.097570 29.000000
0.096634 30.000000
0.096107 31.000000
0.095755 32.000000
0.095228 33.000000
0.094877 34.000000
0.094057 35.000000
0.093296 36.000000
0.092769 37.000000
0.092183 38.000000
0.091657 39.000000
0.091188 40.000000
0.090796 41.000000
0.089792 42.000000
0.089256 43.000000
0.088452 44.000000
0.087849 45.000000
0.087046 46.000000
0.086108 47.000000
0.085372 48.000000
0.084501 49.000000
0.083965 50.000000
0.083200 51.000000
0.082690 52.000000
0.082320 53.000000
0.081765 54.000000
0.081163 55.000000
0.080469 56.000000
0.079636 57.000000
0.078618 58.000000
0.078201 59.000000
0.077646 60.000000
0.077646 61.000000
0.077005 62.000000
0.076168 63.000000
0.075331 64.000000
0.074633 65.000000
0.074144 66.000000
0.073168 67.000000
0.072819 68.000000
0.071981 69.000000
0.070865 70.000000
0.069051 71.000000
0.067073 72.000000
0.067046 73.000000
0.066561 74.000000
0.066197 75.000000
0.065409 76.000000
0.065105 77.000000
0.064317 78.000000
0.063771 79.000000
0.063468 80.000000
0.062922 81.000000
0.061830 82.000000
0.061405 83.000000
0.060799 84.000000
0.060374 85.000000
0.059828 86.000000
0.059282 87.000000
0.058615 88.000000
0.058312 89.000000
0.057887 90.000000
0.057523 91.000000
0.056795 92.000000
0.056310 93.000000
0.055885 94.000000
0.055582 95.000000
