0.086055 0.000000
0.085471 1.000000
0.085231 2.000000
0.085289 3.000000
0.084530 4.000000
0.083952 5.000000
0.083483 6.000000
0.083230 7.000000
0.082774 8.000000
0.081895 9.000000
0.081015 10.000000
0.080401 11.000000
0.079977 12.000000
0.079873 13.000000
0.079029 14.000000
0.078607 15.000000
0.077582 16.000000
0.077039 17.000000
0.076315 18.000000
0.075558 19.000000
0.075136 20.000000
0.074924 21.000000
0.074341 22.000000
0.073276 23.000000
0.071830 24.000000
0.070613 25.000000
0.070689 26.000000
0.070993 27.000000
0.070537 28.000000
0.070232 29.000000
0.068939 30.000000
0.068482 31.000000
0.067874 32.000000
0.067874 33.000000
0.067667 34.000000
0.067511 35.000000
0.066318 36.000000
0.065280 37.000000
0.064242 38.000000
0.063152 39.000000
0.062094 40.000000
0.061919 41.000000
0.060930 42.000000
0.060149 43.000000
0.059861 44.000000
0.059976 45.000000
0.059574 46.000000
0.057849 47.000000
0.058884 48.000000
0.057791 49.000000
0.056929 50.000000
0.056124 51.000000
0.055251 52.000000
0.054220 53.000000
0.053631 54.000000
0.053263 55.000000
0.052600 56.000000
0.052453 57.000000
0.051496 58.000000
0.050724 59.000000
0.050205 60.000000
0.049362 61.000000
0.047805 62.000000
0.046638 63.000000
0.046508 64.000000
0.045600 65.000000
0.044562 66.000000
0.044238 67.000000
0.042941 68.000000
0.041772 69.000000
0.041387 70.000000
0.041015 71.000000
0.041489 72.000000
0.040942 73.000000
0.038426 74.000000
0.036675 75.000000
0.035253 76.000000
0.034816 77.000000
0.033503 78.000000
0.032409 79.000000
0.031424 80.000000
0.031424 81.000000
0.030440 82.000000
0.029237 83.000000
0.027486 84.000000
0.028252 85.000000
0.029760 86.000000
0.026972 87.000000
0.024437 88.000000
0.021564 89.000000
0.018944 90.000000
0.015480 91.000000
0.013705 92.000000
0.010663 93.000000
0.008213 94.000000
0.005593 95.000000
