0.037622 63.000000
0.038919 64.000000
0.041189 66.000000
0.042811 67.000000
0.043135 68.000000
0.045730 69.000000
0.045730 70.000000
0.045730 71.000000
0.047351 72.000000
0.048973 73.000000
0.049622 74.000000
0.050270 75.000000
0.050270 76.000000
0.050432 77.000000
0.050896 78.000000
0.051956 79.000000
0.052752 80.000000
0.053215 81.000000
0.053547 82.000000
0.053812 83.000000
0.054077 84.000000
0.054431 85.000000
0.054940 86.000000
0.055491 87.000000
0.055788 88.000000
0.056043 89.000000
0.056510 90.000000
0.057273 91.000000
0.057655 92.000000
0.058249 93.000000
0.059267 94.000000
0.060181 95.000000
0.060895 96.000000
