0.047027 31.000000
0.048649 29.000000
0.048649 30.000000
0.050270 28.000000
0.051892 26.000000
0.052865 27.000000
0.052216 24.000000
0.052865 25.000000
0.055459 23.000000
0.057405 22.000000
0.058703 21.000000
0.060000 20.000000
0.062595 18.000000
0.062919 19.000000
0.063892 17.000000
0.065838 16.000000
0.066162 14.000000
0.066811 15.000000
0.066162 13.000000
0.066811 11.000000
0.066811 12.000000
0.066162 10.000000
0.066811 9.000000
0.069405 8.000000
0.070703 7.000000
0.072000 6.000000
0.072000 5.000000
0.073946 3.000000
0.074919 2.000000
0.073441 4.000000
