0.101189 1.000000
0.102811 2.000000
0.102811 3.000000
0.103784 4.000000
0.104108 5.000000
0.104757 6.000000
0.106054 7.000000
0.107351 8.000000
0.108324 9.000000
0.108000 10.000000
0.108324 11.000000
0.109297 12.000000
0.109622 13.000000
0.110595 14.000000
0.110919 15.000000
0.111568 16.000000
0.111892 16.000000
0.112541 17.000000
0.112865 18.000000
0.112865 19.000000
0.112865 20.000000
0.114811 21.000000
0.114811 22.000000
0.115459 23.000000
0.115459 24.000000
0.116108 25.000000
0.117730 26.000000
0.119027 27.000000
0.120324 28.000000
0.120973 29.000000
0.122270 30.000000
0.122270 31.000000
0.124541 33.000000
0.122919 32.000000
0.125838 33.000000
0.125838 34.000000
0.127135 35.000000
0.126811 36.000000
0.125514 37.000000
0.125838 38.000000
0.126162 39.000000
0.127784 40.000000
0.127135 41.000000
0.127459 42.000000
0.128432 43.000000
0.129081 44.000000
0.129405 45.000000
0.131351 47.000000
0.130054 46.000000
0.132973 48.000000
0.133622 49.000000
0.134595 49.000000
0.134919 50.000000
0.135568 51.000000
0.136865 52.000000
0.136865 53.000000
0.136865 54.000000
0.136865 55.000000
0.137189 56.000000
0.138162 57.000000
0.139784 58.000000
0.139135 59.000000
0.139784 60.000000
0.139459 61.000000
0.140108 62.000000
0.142378 63.000000
0.143027 64.000000
0.143676 65.000000
0.145622 66.000000
0.145622 67.000000
0.145946 68.000000
0.145946 69.000000
0.146270 70.000000
0.146270 71.000000
0.145946 72.000000
0.146270 73.000000
0.146919 74.000000
