0.288650 43.000000
0.287465 44.000000
0.285095 45.000000
0.282725 46.000000
0.278577 47.000000
0.275022 48.000000
0.275022 49.000000
0.272652 50.000000
0.268504 51.000000
0.266134 52.000000
0.260801 53.000000
0.257839 54.000000
0.257246 55.000000
0.255468 56.000000
0.251913 57.000000
0.246580 58.000000
0.244803 59.000000
0.243025 60.000000
0.240063 61.000000
0.236507 62.000000
0.234137 63.000000
0.229989 64.000000
0.228212 65.000000
0.225842 66.000000
0.223472 67.000000
0.222879 68.000000
0.219324 69.000000
0.216361 70.000000
0.212806 71.000000
0.206288 72.000000
0.202140 73.000000
0.201548 74.000000
0.196215 75.000000
0.197400 76.000000
0.192067 77.000000
0.190290 78.000000
0.187920 79.000000
0.185549 80.000000
0.185549 81.000000
0.178439 82.000000
0.177254 83.000000
0.173106 84.000000
0.168366 85.000000
0.165403 86.000000
0.165403 87.000000
0.160663 88.000000
0.161256 89.000000
0.155330 90.000000
0.153553 91.000000
