0.005514 95.000000
0.011351 93.000000
0.017189 92.000000
0.020108 91.000000
0.028865 89.000000
0.031459 88.000000
0.035027 86.000000
0.033405 87.000000
0.027568 89.000000
0.031135 85.000000
0.032432 83.000000
0.033081 81.000000
0.035676 80.000000
0.036000 79.000000
0.037297 78.000000
0.036973 77.000000
0.038919 76.000000
0.038270 75.000000
0.040865 74.000000
0.040865 73.000000
0.041514 72.000000
0.041838 71.000000
0.041189 70.000000
0.043459 69.000000
0.043459 68.000000
0.045081 67.000000
0.045730 65.000000
0.046703 64.000000
0.045730 63.000000
0.048649 62.000000
0.049946 61.000000
0.049946 59.000000
