-0.000001 0.000000
-0.000001 0.000000
-0.000001 0.000000
-0.000001 0.000000
-0.000001 0.000000
-0.000001 0.000000
-0.000001 0.000000
-0.000001 0.000000
-0.000001 0.000000
-0.000001 0.000000
-0.000001 0.000000
-0.000001 0.000000
-0.000001 0.000000
-0.000001 0.000000
-0.000001 0.000000
-0.000001 0.000000
-0.000001 0.000000
-0.000001 0.000000
-0.000001 0.000000
-0.000001 0.000000
-0.000001 0.000000
-0.000001 0.000000
-0.000001 0.000000
-0.000001 0.000000
-0.000001 0.000000
-0.000001 0.000000
-0.000001 0.000000
-0.000001 0.000000
-0.000001 0.000000
-0.000001 0.000000
-0.000001 0.000000
-0.000001 0.000000
-0.000001 0.000000
-0.000001 0.000000
-0.000001 0.000000
-0.000001 0.000000
-0.000001 0.000000
-0.000001 0.000000
-0.000001 0.000000
-0.000001 0.000000
-0.000001 0.000000
-0.000001 0.000000
-0.000001 0.000000
-0.000001 0.000000
-0.000001 0.000000
-0.000001 0.000000
-0.000001 0.000000
-0.000001 0.000000
-0.000001 0.000000
-0.000001 0.000000
-0.000001 0.000000
-0.000001 0.000000
-0.000001 0.000000
-0.000001 0.000000
-0.000001 0.000000
-0.000001 0.000000
-0.000001 0.000000
-0.000001 0.000000
-0.000001 0.000000
-0.000001 0.000000
-0.000001 0.000000
-0.000001 0.000000
-0.000001 0.000000
-0.000001 0.000000
-0.000001 0.000000
-0.000001 0.000000
-0.000001 0.000000
-0.000001 0.000000
-0.000001 0.000000
-0.000001 0.000000
-0.000001 0.000000
-0.000001 0.000000
-0.000001 0.000000
-0.000001 0.000000
-0.000001 0.000000
-0.000001 0.000000
-0.000001 0.000000
-0.000001 0.000000
-0.000001 0.000000
-0.000001 0.000000
-0.000001 0.000000
-0.000001 0.000000
-0.000001 0.000000
-0.000001 0.000000
-0.000001 0.000000
-0.000001 0.000000
-0.000001 0.000000
-0.000001 0.000000
-0.000001 0.000000
-0.000001 0.000000
-0.000001 0.000000
-0.000001 0.000000
-0.000001 0.000000
-0.000001 0.000000
-0.000001 0.000000
-0.000001 0.000000
-0.000001 0.000000
-0.000001 0.000000
-0.000001 0.000000
-0.000001 0.000000
-0.000001 0.000000
-0.000001 0.000000
-0.000001 0.000000
-0.000001 0.000000
-0.000001 0.000000
-0.000001 0.000000
-0.000001 0.000000
-0.000001 0.000000
-0.000001 0.000000
-0.000001 0.000000
-0.000001 0.000000
-0.000001 0.000000
-0.000001 0.000000
-0.000001 0.000000
-0.000001 0.000000
-0.000001 0.000000
-0.000001 0.000000
-0.000001 0.000000
-0.000001 0.000000
-0.000001 0.000000
-0.000001 0.000000
-0.000001 0.000000
-0.000001 0.000000
-0.000001 0.000000
-0.000001 0.000000
-0.000001 0.000000
-0.000001 0.000000
-0.000001 0.000000
-0.000001 0.000000
-0.000001 0.000000
-0.000001 0.000000
-0.000001 0.000000
-0.000001 0.000000
-0.000001 0.000000
-0.000001 0.000000
-0.000001 0.000000
-0.000001 0.000000
-0.000001 0.000000
-0.000001 0.000000
-0.000001 0.000000
-0.000001 0.000000
-0.000001 0.000000
-0.000001 0.000000
-0.000001 0.000000
-0.000001 0.000000
-0.000001 0.000000
-0.000001 0.000000
-0.000001 0.000000
-0.000001 0.000000
-0.000001 0.000000
-0.000001 0.000000
-0.000001 0.000000
-0.000001 0.000000
-0.000001 0.000000
-0.000001 0.000000
-0.000001 0.000000
-0.000001 0.000000
-0.000001 0.000000
-0.000001 0.000000
-0.000001 0.000000
-0.000001 0.000000
-0.000001 0.000000
-0.000001 0.000000
-0.000001 0.000000
-0.000001 0.000000
-0.000001 0.000000
-0.000001 0.000000
-0.000001 0.000000
-0.000001 0.000000
-0.000001 0.000000
-0.000001 0.000000
-0.000001 0.000000
-0.000001 0.000000
-0.000001 0.000000
-0.000001 0.000000
-0.000001 0.000000
-0.000001 0.000000
-0.000001 0.000000
-0.000001 0.000000
-0.000001 0.000000
-0.000001 0.000000
-0.000001 0.000000
-0.000001 0.000000
-0.000001 0.000000
-0.000001 0.000000
-0.000001 0.000000
-0.000001 0.000000
-0.000001 0.000000
-0.000001 0.000000
-0.000001 0.000000
-0.000001 0.000000
-0.000001 0.000000
-0.000001 0.000000
-0.000001 0.000000
-0.000001 0.000000
-0.000001 0.000000
-0.000001 0.000000
-0.000001 0.000000
-0.000001 0.000000
-0.000001 0.000000
-0.000001 0.000000
-0.000001 0.000000
-0.000001 0.000000
-0.000001 0.000000
-0.000001 0.000000
-0.000001 0.000000
-0.000001 0.000000
-0.000001 0.000000
-0.000001 0.000000
-0.000001 0.000000
-0.000001 0.000000
-0.000001 0.000000
-0.000001 0.000000
-0.000001 0.000000
-0.000001 0.000000
-0.000001 0.000000
-0.000001 0.000000
-0.000001 0.000000
-0.000001 0.000000
-0.000001 0.000000
-0.000001 0.000000
-0.000001 0.000000
-0.000001 0.000000
-0.000001 0.000000
-0.000001 0.000000
-0.000001 0.000000
-0.000001 0.000000
-0.000001 0.000000
-0.000001 0.000000
-0.000001 0.000000
-0.000001 0.000000
-0.000001 0.000000
-0.000001 0.000000
-0.000001 0.000000
-0.000001 0.000000
-0.000001 0.000000
-0.000001 0.000000
-0.000001 0.000000
-0.000001 0.000000
-0.000001 0.000000
-0.000001 0.000000
-0.000001 0.000000
-0.000001 0.000000
-0.000001 0.000000
-0.000001 0.000000
-0.000001 0.000000
-0.000001 0.000000
-0.000001 0.000000
-0.000001 0.000000
-0.000001 0.000000
-0.000001 0.000000
-0.000001 0.000000
-0.000001 0.000000
-0.000001 0.000000
-0.000001 0.000000
-0.000001 0.000000
-0.000001 0.000000
-0.000001 0.000000
-0.000001 0.000000
-0.000001 0.000000
-0.000001 0.000000
-0.000001 0.000000
-0.000001 0.000000
-0.000001 0.000000
-0.000001 0.000000
-0.000001 0.000000
-0.000001 0.000000
-0.000001 0.000000
-0.000001 0.000000
-0.000001 0.000000
-0.000001 0.000000
-0.000001 0.000000
-0.000001 0.000000
-0.000001 0.000000
-0.000001 0.000000
-0.000001 0.000000
-0.000001 0.000000
-0.000001 0.000000
-0.000001 0.000000
-0.000001 0.000000
-0.000001 0.000000
-0.000001 0.000000
-0.000001 0.000000
-0.000001 0.000000
-0.000001 0.000000
-0.000001 0.000000
-0.000001 0.000000
-0.000001 0.000000
0.014639 91.000000
0.017534 90.000000
0.020226 89.000000
0.022650 88.000000
0.025477 87.000000
0.028372 86.000000
0.031469 85.000000
0.032344 84.000000
0.032411 83.000000
0.033354 82.000000
0.034161 81.000000
0.034363 80.000000
0.035238 79.000000
0.035844 78.000000
0.036854 77.000000
0.037797 76.000000
0.038739 75.000000
0.040153 74.000000
0.040961 73.000000
0.041297 72.000000
0.041970 71.000000
0.042172 70.000000
0.042105 69.000000
0.042846 68.000000
0.042846 68.000000
0.042846 68.000000
0.042846 68.000000
0.042846 68.000000
0.042846 68.000000
0.042846 68.000000
0.042846 68.000000
0.042846 68.000000
0.042846 68.000000
0.042846 68.000000
0.042846 68.000000
0.042846 68.000000
0.042846 68.000000
0.042846 68.000000
0.042846 68.000000
0.042846 68.000000
0.042846 68.000000
0.042846 68.000000
0.042846 68.000000
0.042846 68.000000
0.042846 68.000000
0.042846 68.000000
0.042846 68.000000
0.042846 68.000000
0.042846 68.000000
0.042846 68.000000
0.042846 68.000000
0.042846 68.000000
0.042846 68.000000
0.042846 68.000000
0.042846 68.000000
0.042846 68.000000
0.042846 68.000000
0.042846 68.000000
0.042846 68.000000
0.042846 68.000000
0.042846 68.000000
0.042846 68.000000
0.042846 68.000000
0.042846 68.000000
0.042846 68.000000
0.042846 68.000000
0.042846 68.000000
0.042846 68.000000
0.042846 68.000000
0.042846 68.000000
0.042846 68.000000
0.042846 68.000000
0.042846 68.000000
0.042846 68.000000
0.042846 68.000000
0.042846 68.000000
0.042846 68.000000
0.042846 68.000000
0.042846 68.000000
0.042846 68.000000
0.042846 68.000000
0.042846 68.000000
0.042846 68.000000
0.042846 68.000000
0.042846 68.000000
0.042846 68.000000
0.042846 68.000000
0.042846 68.000000
0.042846 68.000000
0.042846 68.000000
0.042846 68.000000
0.042846 68.000000
0.042846 68.000000
0.042846 68.000000
0.042846 68.000000
0.042846 68.000000
0.043904 67.000000
0.044597 66.000000
0.045117 65.000000
0.046069 64.000000
0.047022 63.000000
0.047802 62.000000
0.048927 61.000000
0.049360 60.000000
0.050313 59.000000
0.050919 58.000000
0.051959 57.000000
0.052045 56.000000
0.052998 55.000000
0.053258 54.000000
0.054037 53.000000
0.054643 52.000000
0.055682 51.000000
0.056029 50.000000
0.056722 49.000000
0.057674 48.000000
0.058194 47.000000
0.058540 46.000000
