0.008432 94.000000
0.016541 92.000000
0.020108 91.000000
0.028216 89.000000
0.032108 87.000000
0.008432 94.000000
0.016541 92.000000
0.020108 91.000000
0.028216 89.000000
0.032108 87.000000
0.032108 87.000000
0.032108 87.000000
0.032108 87.000000
0.032108 87.000000
0.032108 87.000000
0.032108 87.000000
0.032108 87.000000
0.032108 87.000000
0.032108 87.000000
0.032108 87.000000
0.032108 87.000000
0.032108 87.000000
0.032108 87.000000
0.032108 87.000000
0.032108 87.000000
0.032108 87.000000
0.032108 87.000000
0.032108 87.000000
0.032108 87.000000
0.032108 87.000000
0.032108 87.000000
0.032108 87.000000
0.032108 87.000000
0.032108 87.000000
0.032108 87.000000
0.032108 87.000000
0.032108 87.000000
0.032108 87.000000
0.032108 87.000000
0.032108 87.000000
0.032108 87.000000
0.032108 87.000000
0.032108 87.000000
0.032108 87.000000
0.032108 87.000000
0.032108 87.000000
0.032108 87.000000
0.032108 87.000000
0.032108 87.000000
0.032108 87.000000
0.032108 87.000000
0.032108 87.000000
0.032108 87.000000
0.032108 87.000000
0.032108 87.000000
0.032108 87.000000
0.032108 87.000000
0.032108 87.000000
0.032108 87.000000
0.032108 87.000000
0.032108 87.000000
0.032108 87.000000
0.032108 87.000000
0.032108 87.000000
0.032108 87.000000
0.032108 87.000000
0.032108 87.000000
0.032108 87.000000
0.032108 87.000000
0.032108 87.000000
0.032108 87.000000
0.032108 87.000000
0.032108 87.000000
0.032108 87.000000
0.032108 87.000000
0.032108 87.000000
0.032108 87.000000
0.032108 87.000000
0.032108 87.000000
0.032108 87.000000
0.032108 87.000000
0.032108 87.000000
0.032108 87.000000
0.032108 87.000000
0.032108 87.000000
0.032108 87.000000
0.032108 87.000000
0.032108 87.000000
0.032108 87.000000
0.032108 87.000000
0.032108 87.000000
0.032108 87.000000
0.032108 87.000000
0.032108 87.000000
0.032108 87.000000
0.032108 87.000000
0.032108 87.000000
0.032108 87.000000
0.032108 87.000000
0.032108 87.000000
0.032108 87.000000
0.031459 84.000000
0.032432 83.000000
0.033730 82.000000
0.034054 81.000000
0.036000 80.000000
0.036000 79.000000
0.036649 78.000000
0.037622 77.000000
0.039243 76.000000
0.040541 75.000000
0.040865 74.000000
0.041514 73.000000
0.042486 72.000000
0.042162 71.000000
0.043135 70.000000
0.043459 69.000000
0.045730 68.000000
0.045730 67.000000
0.045405 66.000000
0.046378 65.000000
0.047676 63.000000
0.048649 61.000000
0.050595 60.000000
0.050595 59.000000
0.053189 58.000000
